317
234
233
232
228
227
226
225
223
224
291
290
289
288
287
286
231
230
229
171
169
173
167
167
199
175
292
201
203
205
207
209
211
213
215
217
219
221
177
179
181
183
185
187
189
191
193
195
197
294
296
298
300
302
304
306
308
310
312
314
58
30
44
2
16
60
62
64
70
32
34
38
40
42
46
48
50
52
54
56
4
6
8
10
12
14
18
20
22
24
26
28
120
134
106
72
86
122
124
126
128
130
132
136
138
140
142
144
146
108
110
112
114
116
118
76
78
92
94
96
172
170
174
168
200
176
293
202
204
208
210
212
214
216
218
220
222
178
180
182
184
186
188
190
192
194
196
198
295
297
299
301
303
305
307
309
311
313
315
59
31
45
3
17
61
63
65
67
69
71
33
15
23
25
27
29
121
135
107
73
87
123
125
127
129
131
133
137
139
141
143
145
147
109
111
113
115
117
119
75
77
79
81
83
85
89
91
93
95
97
99
316
317
234
233
232
228
227
226
225
223
224
291
290
289
288
287
286
231
230
229
171
169
173
167
167
199
175
292
221
177
179
181
183
185
187
189
191
193
195
197
294
296
298
300
302
304
306
308
310
312
314
58
30
44
2
16
60
62
64
66
68
70
32
34
36
38
40
42
46
48
50
52
54
56
4
6
8
10
12
14
18
20
22
24
26
28
120
134
106
72
86
122
124
126
128
130
132
136
138
140
142
144
146
108
110
112
114
116
118
74
76
78
80
82
84
88
90
96
98
172
170
168
168
200
176
293
202
204
206
208
210
212
214
216
218
220
178
188
190
192
194
198
299
301
305
307
309
311
313
315
297
299
301
303
305
307
309
311
313
315
59
31
63
65
69
33
35
37
39
41
43
47
49
51
53
55
57
5
7
9
11
13
15
19
21
23
25
27
135
87
125
127
129
133
137
139
141
143
147
111
113
115
117
119
75
77
79
81
83
85
89
91
93
95
97
99
148
156
157
149
150
151
152
153
154
155
264
268
235
278
255
245
267
265
266
276
277
269
270
271
272
273
274
275
243
244
236
237
238
239
240
241
242
279
280
281
282
283
284
285
262
263
256
257
258
259
260
261
253
254
246
247
248
249
250
251
252
100
101
102
103
104
105
158
159
160
161
162
163
164
165
166
0
1
