39
34
4
20
22
31
27
47
42
37
35
5
21
23
32
28
49
48
38
36
3
19
7
24
25
39
40
10
11
0
16
8
31
29
45
43
14
12
1
17
9
32
30
46
44
15
13
2
18
6
24
26
39
41
33
34
4
20
22
31
27
47
42
37
35
5
21
23
49
48
38
3
19
7
24
25
39
40
10
11
0
16
8
31
29
45
43
14
12
1
17
9
32
30
46
44
15
13
2
18
31
29
45
43
14
12
1
17
9
32
30
46
44
15
13
18
6
34
4
20
31
27
47
42
35
5
21
23
32
49
48
38
36
3
19
7
24
25
39
40
10
11
0
16
8
31
29
45
43
14
12
1
17
9
32
30
46
44
15
13
2
18
6
24
26
39
41
33
34
4
20
3
24
25
39
40
10
11
0
16
8
31
29
45
43
14
12
1
17
9
32
30
46
44
15
13
2
18
6
24
26
39
41
33
34
4
20
22
31
27
47
42
5
32
28
49
48
38
36
3
19
7
24
25
39
40
10
11
0
16
8
31
29
45
43
14
12
1
17
29
45
43
14
12
1
17
9
32
30
46
44
15
13
2
18
6
24
26
39
41
33
34
4
20
22
31
27
47
42
37
35
5
21
23
32
28
49
48
38
36
3
19
7
24
25
39
40
10
11
0
16
8
31
29
45
43
14
12
1
17
9
32
30
46
44
15
13
2
18
24
25
39
40
10
11
0
16
8
31
29
45
43
14
12
1
17
9
32
44
15
13
2
6
24
26
39
41
33
34
4
20
22
31
27
47
42
37
5
49
48
38
36
19
25
39
10
11
0
16
8
31
32
30
46
44
15
13
2
18
31
29
45
43
9
32
46
15
13
2
18
6
24
26
39
41
33
34
4
20
22
31
27
47
42
37
35
5
21
23
49
36
19
7
24
39
40
10
11
0
8
29
45
43
14
12
1
17
9
32
30
46
44
15
13
2
18
6
24
26
39
41
33
34
4
20
22
31
27
47
42
37
35
5
23
48
3
19
7
24
25
39
40
10
11
0
16
8
31
29
45
43
14
12
1
32
30
46
44
15
13
2
18
6
24
26
41
33
34
4
20
22
31
27
47
42
37
35
5
21
23
32
28
49
48
38
36
3
19
7
24
25
39
40
10
11
