44
40
0
42
21
24
22
28
32
30
45
49
47
41
1
43
26
25
23
4
9
56
14
33
52
38
2
7
54
11
33
50
36
19
16
5
10
57
15
34
53
39
3
8
55
12
34
51
37
20
17
5
10
57
15
34
53
39
3
8
55
13
34
51
37
20
17
5
15
34
53
3
8
55
12
34
51
37
20
17
6
18
27
31
29
44
48
46
40
0
42
21
24
22
28
32
30
45
49
47
41
1
43
26
25
23
4
9
56
14
33
52
38
2
7
11
33
10
57
15
53
39
3
8
12
34
51
37
20
5
10
57
15
34
53
39
3
8
55
13
34
51
37
20
17
5
10
57
15
34
53
39
3
8
55
12
34
51
37
20
17
6
18
41
1
43
26
25
23
4
9
57
53
39
3
8
55
12
34
51
37
20
17
5
10
57
15
34
53
39
3
8
55
13
34
51
37
20
17
5
10
57
15
34
53
39
3
8
55
12
34
51
35
27
31
29
44
48
46
40
0
42
27
31
29
44
48
46
40
0
42
21
24
22
28
32
30
45
49
14
33
52
38
2
7
54
11
33
50
36
19
16
5
10
57
15
34
53
39
3
8
55
12
34
51
37
20
17
5
10
57
15
34
53
39
3
8
55
13
34
51
37
20
17
5
10
57
15
34
53
39
3
8
55
12
34
51
37
20
35
6
18
27
31
29
44
48
46
40
0
42
21
24
22
28
32
30
45
49
47
41
1
43
26
25
23
4
9
33
52
38
2
54
11
33
50
36
19
16
5
10
57
15
34
53
39
3
55
20
17
5
10
15
39
3
55
13
34
51
37
20
3
8
55
12
34
51
37
20
35
6
18
41
23
4
56
33
52
38
2
7
54
11
33
50
36
19
16
5
10
57
15
34
53
39
3
8
55
12
37
5
57
15
34
39
3
8
55
13
51
20
17
5
10
57
15
34
53
39
3
8
55
12
34
51
37
20
35
6
18
27
31
29
44
48
46
40
0
42
10
57
15
34
39
12
37
20
35
6
18
27
31
29
44
48
46
40
0
42
21
24
22
28
32
49
47
41
1
43
26
25
23
4
9
56
33
52
38
2
7
54
11
33
50
36
19
16
5
10
57
15
34
53
39
3
8
55
12
34
51
37
20
17
5
10
